0.0005633541732864036
0.0006714770234535986
0.00071238721411571
0.00029796987816747963
0.0009900177805767848
0.0009638308778702363
0.000984108751729983
0.00037559623925961046
0.00030075357891812867
0.0007982483958273163
0.00046462787483848866
0.0004432781464680201
0.000755885476189447
0.0003388700260933521
0.0003381213594156263
0.0003307788781989168
0.0008569998024363386
0.0007068087930611035
0.0006723087245551769
0.00025138204515583976
0.00020305582747544683
0.00028901626739912835
0.000750426571235821
0.0009174783179722771
0.0003293249714229464
0.0005323484299088273
0.0004997505894576115
0.0005421596016265075
0.0009646956437636221
0.00027917171604541636
0.0006655059288568685
0.00040295631609156774
0.0005258003909782214
0.0004458504740691877
0.0008941943287635315
0.0006184882296799549
0.00033516135715123106
0.0007862722538462953
0.0009557268555833981
0.00042148319763703516
0.0006763244669378099
0.0007487071822048046
0.0005593606238157767
0.0007812128208863906
0.0002711636289776622
0.0009292510239484586
0.00027799843706956707
0.0007371228552651196
0.000613364838320287
0.000909892754366757
0.000800751054019351
0.0005596648425192673
0.0009370220783033177
0.0006231654951421108
0.000647876171581298
0.0003304774521762057
0.00026903008580808586
0.0006844537191073514
0.0004108270574300991
0.0007737309546858696
0.0004122695410856347
0.00030894761174734913
0.0005104560059794574
0.0008411514704948188
0.0005448789834174626
0.00039300977566470645
0.00024800275316980754
0.0005723038448767093
0.0001280251509049316
0.0008529930306386472
0.0002057542908910009
0.0003103888541751699
0.00032568177353792314
0.000935996572920805
0.00013384420853167656
0.00033467625045437686
0.0001287159744568266
0.00032053431347431967
0.0007998884357065096
0.00042783889714583835
0.0004291635221437363
0.00029901490636544906
0.00031603757674651667
0.0003920057546529949
0.0001660047828139625
0.00037596425202728533
0.0009818849816515048
0.0009306629258604138
0.0003157232257005343
0.0002758507561121549
0.000709875409519639
0.0004395519310918145
0.00015303060158129407
0.0008796039615677453
0.00047234966123502415
0.0005985368737622685
0.0004570023356562632
0.0004016367418765988
0.0004483588613479356
0.0009588162240416539
0.0009174192287652635
0.0005329820522005863
0.0002943462981490611
0.0004529700083861991
0.0007315969679503888
0.0004535673387106008
0.00039266768248160983
0.000911242567381476
0.0002947016148369258
0.0009584858895663436
0.0003964541574365731
0.0009833659967232438
0.00035781439520797727
0.00010727598456040726
0.0001836529844845778
0.000769043187071171
0.0002755399443270804
0.0009053234320475532
0.0004224886842989624
0.0001687984597484232
0.0009776431989096388
0.00019419141552264713
0.00038612926003068213
0.0008692009681996017
0.00022849915433044746
0.0006650604697807727
0.00070551617303868
0.0007993274328415511
0.00033501519341673405
0.00023207830315503204
0.0006433978731041678
0.00034829607328271724
0.00022683704050927716
0.0002223428098701547
0.0009519708514878876
0.00039313805816090655
0.00031411317663671587
0.00045484208850262125
0.00015040953596194573
0.0009982004984144684
0.0007554440912692611
0.00030117361858320697
0.0004289338255973412
0.000986290639212677
0.0004642199659435144
0.0005375580766869976
0.0009041559131546522
0.0006169291934589341
0.0009279897568299243
0.0006311750802387376
0.00013993459424047516
0.0009635031443123084
0.00010408149699786019
0.0006290128049233945
0.0008137485291129492
0.000829826865652952
0.0007695419326746681
0.000538490667381139
0.00028962019004276265
0.0006085728186289878
0.00016877756846882665
0.0006821933900263093
0.0005703943749987325
0.0001688420801479616
0.0009215169108942186
0.00046382346764859057
0.00017019109320344711
0.00010190898235802842
0.0008701413913771796
0.00024003253096704273
0.00017046443304226887
0.0001447822162965668
0.0007594652114290153
0.0005123487903137281
0.0004277497235311977
0.0005239779938090505
0.000683043566775881
0.00025902431218713157
0.0008814491134153194
0.0007579712695810657
0.0008772395383323331
0.00039140397983154003
0.0004640559377867172
0.00036307844244096827
0.00039657187771554843
0.0005797404708474344
0.000235060000350825
0.000896112728385851
0.0009979773791690184
0.00026086301814616335
0.000887556489944198
0.00039380145131204984
0.00022564890506850024
0.0008936385090254177
0.0005398180399185404
0.0007454284453621745
0.0009106236657311775
0.0005855006761320995
0.0007266146948149042
0.0008680175350695165
0.0009086382339715241
0.0006610578662662566
0.0007788397669804298
0.00038564049610635134
0.0001073966359864078
0.000886497366545246
0.00026921277132904156
0.0007711627439013195
0.00028398246639326527
0.00045158317498732354
0.0006355254329462965
0.0008910187565149729
0.0006292965500552924
0.0004194546363680561
0.0005339196180738695
0.00034055371886426743
0.00010917279046852521
0.00023695065779158844
0.0002260328289938907
0.0006787682120101283
0.0007630062507320486
0.0004596711769544685
0.0009123184981541921
0.0003289507470926599
0.0007147035081186946
0.000431483194240628
0.0007712854662103047
0.0009234989504285915
0.00011831077005837259
0.00048277190466437575
0.0008377918254809258
0.0009529143577040133
0.00013867852351120025
0.0004448716193500488
0.0008984975658309765
0.0005131013754581382
0.000805856662428023
0.0006368847027525965
0.0005612845054844106
0.000983975048165343
0.0005058591940572977
0.0003227510156623739
0.0003111241126053789
0.0004095223400507797
0.0006614701779288891
0.00021348372985243163
0.0007874317521524917
0.0005049999122915752
0.0002593367958192206
0.0003513317122668065
0.0003974360958863503
0.0004781812275962763
0.0001354877956136211
0.0009271289333613672
0.000845583604874246
0.0004656213300636219
0.0006376786653204468
0.00043801563586636156
0.0005623172416037679
0.00021725650842149662
0.00048260452616211613
0.0003750211222829851
0.0001604517041364432
0.0008544070915414129
0.00041429969927604855
0.0005807440001178324
0.00022677970860669739
0.0008820010194517092
0.0002783955993509765
0.00012676604499680213
0.00028891508483815575
0.00024342585707538182
0.0002923106011965581
0.0007630887771994192
0.0007539555947785922
0.0005841371030154473
0.0007860046012902659
0.0001600912817491931
0.00043838202077070305
0.000316051247829931
0.0006992596808359843
0.000499509113636011
0.00048006453615826545
0.00036213709972672515
0.0007428845545091114
0.0008527595437190932
0.0005746332228725459
0.0007617939049461188
0.00029012333481502617
0.0009100671354226561
0.0008896449604188418
0.0007859118586079737
0.0002997718105051436
0.000829584176026942
0.00037100988212601985
0.00033637410655607664
0.0001835095452152398
0.0002229121172068496
0.0009677071400844521
0.0008239831524051052
0.0007278956254764413
0.0005512641426748258
0.0004456760381589696
0.0005659668927117365
0.00042120158711841515
0.0003840648432878759
0.0002247912204444624
0.00032322503625940163
0.0007119585383642061
0.0007331324932476218
0.0007078676503405297
0.00019714177631079924
0.00010989863603473376
0.0004767760585200777
0.00020951370307163665
0.0006173912431135177
0.0005914941803783671
0.0003621188333967249
0.0003288391649730488
0.0007743144441602519
0.0008508192229960774
0.0005516229888268458
0.0002121519900571059
0.000658107319740699
0.0009069026948133767
0.0006240989657337769
0.0002730441622544994
0.0008237824647940491
0.0001672979542364409
0.0008213176128897749
0.000817662446973918
0.0007127447433691884
0.0009810181683955464
0.0001563531617578309
0.0006276623591757971
0.0008969669270127021
0.00042665197038521435
0.000640302184673006
0.0008329231883525102
0.0006239933213786316
0.00010497751907557985
0.0005091937940853348
0.00032082107189967827
0.0005239328602476904
0.0008458175951310721
0.0005646384683502618
0.000659652580198968
0.000521129811543617
0.0007410490496704538
0.0004673890881591972
0.00010125927585801918
0.0008808398030269708
0.0002630610799471562
0.0006671989286355704
0.00025713526397865667
0.0003935246394218989
0.0008025209199061084
0.00026904279058733414
0.0007732103201154959
0.00015128991448103298
0.0009034671111300054
0.0009734695184460424
0.00013666705459120974
0.00016002497493390513
0.0008569517439749705
0.0008711508802641564
0.0009458354104618754
0.0007743661803239979
0.0005549156218690049
0.0008840975230702669
0.0009563550907959955
0.0005773016445540285
0.0007174974421973509
0.0006153623211135916
0.00037512831592422793
0.00023269172181945125
0.0009517851397457406
0.0004397798305561273
0.0006669984507736678
0.0001891000190777924
0.0002558407898895994
0.0003297246071080124
0.00041711228096993533
0.000497468309519037
0.0002576446470849295
0.0005933746165317408
0.0005082001188235314
0.0002162662393401895
0.000752834229857627
0.0009873293367570716
0.00023501843968577317
0.0005184968137894668
0.0007286102957394671
0.0004619638627262767
0.00010171162296097685
0.00022642044860085456
0.00013176807086128753
0.0009696247126191138
0.00042363462593071903
0.0007033123244573852
0.0005261071889225914
0.0007448802911636821
0.0005913727191271493
0.000503798454204715
0.0004374975442781513
0.0005296369391788116
0.0009878175421075062
0.00040495146022498764
0.00042174607657207374
0.000903346599553277
0.0005710348938054827
0.0004998083901943728
0.0007031149648134573
0.00015162226486653216
0.000578864112060081
0.0009835760440967173
0.0003332216416358746
0.0009978312317450407
0.0008322873468525793
0.0005714787358624014
0.0003706484551195817
0.0007694851484495713
0.0007130538751420188
0.0008374762744908477
0.0007859442519909395
0.00019679945878524644
0.0005776893927607117
0.000865539398849344
0.0004887609082355898
0.0004782628445089218
0.0004310462125241924
0.0009058836551871267
0.0009620475938878607
0.0005965293445460182
0.0001339210444307032
0.0008719171489204173
0.00013316448823954825
0.00047015517721680025
0.0007144406639542043
0.0006599761297293733
0.00014401825846220833
0.000517302001816182
0.0007082774407223787
0.00022078243781477
0.000522903659962282
0.00019755122246531485
0.0006088917842724316
0.00039985679527263223
0.0003564379384292868
0.00025366012550925604
0.0009809006687153744
0.00029540427069776355
0.000748316315000769
0.0008684317491664993
0.0007556374486062118
0.0006483867321888793
0.0008511157977044158
0.0009844693842311091
0.0002933080626942255
0.0005872020054941692
0.0007838446851126358
0.0009874723169365433
0.00010601961950432908
0.00010168149476666552
0.00041467754891005306
0.0009278145186331899
0.0007629116110359645
0.0007556735362904398
0.000995331297522392
0.00019893414960583337
0.0008132806113504154
0.0005558717730237337
0.0001815539436882032
0.0004519277313924983
0.0004681845591833256
0.0004591498145031579
0.0008702262619906437
0.00017776205554133947
0.0009507381714126887
0.0005455571550023259
0.0006234845112963656
0.0002386275627708496
0.0002964411241276376
0.000770453471454626
0.0005403048519017653
0.00015031779759361395
0.0007859651165723494
0.00010779784246635284
0.0007837151192639706
0.0007005827413932367
0.0009447836896465045
0.000615696063781641
0.0005758942290907943
0.0002780239235677124
0.0006374570340830193
0.0007776634041647709
0.0002595201512776055
0.0008699950233990865
0.0008247112563455248
0.00015109434715944719
0.000774114879466494
0.0001175785716483566
0.0004477252674707551
0.00022671480332097792
0.00039359644534175107
0.0007786477090158566
0.000343426641427072
0.0003651603790575397
0.0004918929838297401
0.0006951117293806788
0.0005419246370080555
0.0006477488243821416
0.00016888369320174317
0.0003520363690990019
0.0005121064398310991
0.0006531798721706126
0.0008148675264739119
0.0004173859309587577
0.0005114684095430994
0.0005974877803508675
0.000571127327435711
0.00019133143528615477
0.0005277548770438406
0.000742290954912275
0.0007224232216508505
0.00029438423942810133
0.00031862264969628534
0.0004209522733896843
0.0001517842458988425
0.00019563887148469825
0.00033506342979050714
0.0005395170194144544
0.0006777104647127205
0.00032498491967301044
0.0008857334789912605
0.00031746568510042307
0.0006484272763904013
0.0004658777776891912
0.0002884603102924904
0.0006010485575057755
0.0008977605646637373
0.0006389993264673301
0.00012365123540264433
0.0007887371372339615
0.0005237036108501635
0.0004356295041073135
0.0003116484068944411
0.0005563801459830712
0.0008742624316432486
0.0005133950360834791
0.00015825110195694266
0.00016591030279471716
0.00047389014908533406
0.0005813403962895975
0.00020923133599559662
0.0005864747786056753
0.0003458022284892967
0.000735593390589757
0.0004839639823961808
0.00024513188494609784
0.0009816651562510425
0.0006852267398705094
0.0009559163982191547
0.00011429070518222692
0.0008426233536258964
0.0008838983686950151
0.0008841018860741006
0.0003149047389376594
0.00020771069072561218
0.0009892928889871752
0.0006064884259736063
0.0001542755657061146
0.000894874786727341
0.0008373447418838092
0.0009249763553639699
0.0008832743863755395
0.00041720511619847123
0.0007163309399109219
0.0003453207297494722
0.00017498819736468476
0.00021427893733607262
0.00015590999583622953
0.0006287863625318848
0.00028655288396544005
0.00036317462408601384
0.0007448027225344826
0.0008982273441677833
0.0007026527671820763
0.00034758222834329927
0.000402221141490747
0.0006723490981936661
0.000652625053386407
0.0004967962591102377
0.0008047003546091489
0.00010183947799507988
0.000918840064774116
0.0006206172264854176
0.000682895021698984
0.000916696493681201
0.0008723488501022697
0.00042837663839714695
0.00037648288094332646
0.00030731719913821697
0.0003338445383958698
0.0002794128223725218
0.0008884256481705319
0.0003407216267871982
0.00021731267912085124
0.0007489092686010331
0.0008820653404922137
0.0006435452539618444
0.0008102255478853064
0.0009324134878518225
0.0006767279046112764
0.0009293744280037604
0.0005320634447842911
0.0009599540826262076
0.0007215142281482665
0.00046844855932760474
0.000918883409207554
0.000494025427390097
0.0007397092118028496
0.0003345666452760622
0.00038493306134627784
0.0005497504089718719
0.0008978636361328254
0.0005785275958582136
0.0007691347465035896
0.0001560640385403104
0.0009586044591181639
0.0008676965580687302
0.000532280002862825
0.0006375104104195641
0.00010390659559983688
0.0007715512836292281
0.0004959468059441347
0.0005267473268210963
0.0007962730720983992
0.0009260760326760258
0.00048652584165548426
0.0008292317177791028
0.0009143328980431005
0.0003605177435775383
0.0007411883123464439
0.0002561289035843006
0.00011422686368402983
0.0006955140186431269
0.00028876367477464267
0.000781471589350086
0.0009416037127564282
0.0003897155985839491
0.0007042966854121
0.0009218848659536873
0.0002977291833044676
0.00030561971815104355
0.00021486476044714324
0.0003111770184295022
0.00019594836000009933
0.0004241293652784263
0.00021575475552805914
0.000467517811044451
0.00014325354687000575
0.00041786086385920144
0.0002987312575676394
0.0005732598109997383
0.0005544385773449784
0.00024368291964479343
0.0005435493108040845
0.00018883397982765533
0.0009926984741101311
0.000811689274886361
0.00023095769553409728
0.0006789589400519728
0.0006363146071543805
0.0005822182650872014
0.0006708934259653484
0.000433565129016061
0.0006594243936080865
0.0006519052251454571
0.0008186233289093241
0.000982336030599782
0.00045279683981952934
0.00014695533664859642
0.0008008043329818705
0.0007537675720630193
0.0005508215227232349
0.0006978016182207806
0.0008340992444203105
0.0002074600726726368
0.0005661164919176392
0.0004385177344693863
0.0006953959598100955
0.00012395072376879571
0.0005825065078787668
0.0005657495551020296
0.0007879131448280834
0.00046459944412042316
0.0008302609963168292
0.00022950017498743263
0.00013107622364742614
0.0006485778435136264
0.0008403158548626565
0.00045285080413242924
0.00020826028530618996
0.0005400455996914767
0.0006077973901026713
0.0006128172003232967
0.0009457655215306435
0.0004340389174352344
0.0004503328991888602
0.0004507961196650649
0.0005585020048148642
0.0006841743146229716
0.00047635115224173665
0.00013781288982137908
0.0007785503170971192
0.0003743050435325114
0.00020702365948029825
0.0005555982798826577
0.0006294741745008797
0.0008496206380372983
0.00017757153065852478
0.00018505673409502626
0.0005911933440891625
0.00040530150469183883
0.000478866240747171
0.00011298292231960315
0.00046603792377923885
0.0009299925207732636
0.0005583228489675979
0.000795413312863615
0.00019750733068107126
0.00037181661919015484
0.0007812909630996647
0.00016541590007208753
0.0008309152595883163
0.0006508876517609156
0.0005565255579825176
0.00012574262723384362
0.00047461330157506974
0.0006472299322193296
0.0002492900908226761
0.0005626592576444401
0.00032227215393070756
0.0009740207298208446
0.00034338869803892
0.000529305181601451
0.00023581435161300639
0.0007917203417476454
0.00080773165013415
0.0006310496061539828
0.00015365718471078017
0.0006400609310863051
0.0004560187754363555
0.000593822656445331
0.00039451757174223596
0.0003706984977702944
0.0005483564469662934
0.0006355560960240413
0.0004517834794777675
0.0009202771623438009
0.00036909521128163406
0.0006346213317209575
0.0006566777710561907
0.0009234757906498365
0.0007493743930205971
0.00025299181030323883
0.00039592757989845783
0.0007223003359308829
0.0005875323033029589
0.0007527671934988828
0.00046569182897839945
0.0008255439450326374
0.0002720914761950168
0.0006809010792873317
0.0003314756886444956
0.0001840557998187476
0.0008755396066157978
0.00014552854096961667
0.0007461220723526618
0.0005148272081489577
0.00024322381078046478
0.00024834761792903715
0.0008621529708314884
0.00010000196786676195
0.0007491163093115499
0.00010719513149362277
0.0008243644409942553
0.0003030903287992103
0.0006761379784048615
0.00042015426898509424
0.0007068359903362469
0.0008043195815403458
0.0009061544491488819
0.00016504870199343007
0.0004138286116064137
0.0009994181009486528
0.0008742221485597692
0.000998518617373348
0.0002033113667805448
0.000710991335252651
0.0005956561695579911
0.0006533697062551221
0.0009452897612695942
0.000765757731528378
0.0006372829796087304
0.0006151048872461681
0.0001245235890823637
0.0006234714777017483
0.0002989169995207734
0.0009345700606086506
0.0005288590249786171
0.0008302795091171113
0.00021063410982755288
0.0005689732677377419
0.0005868687743290844
0.0007743156241263222
0.0009892695533323579
0.0009796053145898413
0.0008761805798441205
0.0006861222260608911
0.00016301241471744325
0.0001004852266069245
0.00047627411718725453
0.00021002656836518346
0.00033128943067835444
0.0004387675483620573
0.00012645877494958018
0.0009405497787138078
0.0007554548924480621
0.00014242817180836614
0.0009689384161130103
0.00012549204026743397
0.0008162184248401789
0.000729989125687444
0.0004661979474039076
0.00021077485799530788
0.0005820071400991864
0.00023360715071354347
0.0005284103979213893
0.000703159517847325
0.0007911572188380616
0.00067467202024175
0.00041178260175071173
0.0006605670488418503
0.0008013165198821513
0.0009618230374903232
0.0005905297246662645
0.000549544943868249
0.0005917881904025016
0.00032147835313246526
0.0002462744742584218
0.0002145981978997841
0.0003904523186401841
0.0002913080351203632
0.0007078757963841628
0.00038011364882709715
0.0006660660512889526
0.00047968217416721574
0.0004879813644852318
0.0009261529457162128
0.00038742184768441375
0.0006910868926901731
0.00030971691205031984
0.00046818730901302535
0.0006871754631025094
0.0007458122783088245
0.0009818793968218692
0.000204476752456038
0.0005306941964685766
0.00039198441365087707
0.0007423134658284434
0.0007601301527679219
0.000952557147640639
0.0002684399338846214
0.000687738604341023
0.0002046943041509613
0.0005181416090518877
0.00017024600135111517
0.0007530221309875691
0.00034495223604428594
0.000690432333258979
0.0005124142960641206
0.0002759505186365346
0.00035827191986614404
0.00013651557661489323
0.0008940105592617776
0.0008765121954979468
0.00032776569485055073
0.0007318312572882697
0.00030241611952901235
0.0005006436382614332
0.0005851669397928516
0.0006301820690401812
0.00025082611851782555
0.00015277127751320751
0.00033887674261152544
0.00015592876905977935
0.0007446045988908159
0.0006607586711876582
0.00014780134124166343
0.00037044595723224796
0.0003740261396060448
0.0008075896932898759
0.0008848766868517465
0.0009831106335843858
0.000858182256285268
0.0005044090328205697
0.0007289154405386888
0.00031685538223735093
0.00045004327886303717
0.0007883623435407381
0.0002307963580545318
0.0009124522720832657
0.0005023920005054414
0.000265476148825418
0.0008415400848754533
0.0002704725953080484
0.0009376013000942414
0.0007124322579014167
0.0004373078616029374
0.00037485972041608883
0.0007827669650249927
0.000863422367108711
0.0006787474871959087
0.0004793592482447961
0.00025660654551362715
0.000309546773236051
0.0007740793971848307
0.0004665923134477462
0.00046420726745429516
0.0006468195861826468
0.0003833426126044519
0.00039352527395887515
0.0009683665541129372
0.0005131196221774556
0.0004464218711222886
0.0008526780914563908
0.00023662892813491594
0.0009196944894160099
0.00039894907578850926
0.00035466909095380466
0.0005689774223899079
0.0003861642343784734
0.00018200290366261003
0.0007041720308333937
0.0009690085918856747
0.0006942914298007526
0.0001647616663385188
0.0007936046999925258
0.0009245019695202851
0.00078870812868043
0.0006598225465374609
0.00012685378623358118
0.0009417791554062956
0.0006499913611060287
0.0001433054470461188
0.00020991351319675456
0.00018280096506268157
0.0004610685381497275
0.0007937016747200093
0.0009202958779702127
0.0003263880378735067
0.0003131924985818194
0.0008146088185238605
0.0003023212136408354
0.00046891168320420417
0.0005739090169306924
0.000695466437368673
0.0005485428478066246
0.0003764036977089658
0.0009928826990151685
0.0008408880134127368
0.0004462273324061936
0.0002549004549174255
0.0008397821024136746
0.000530879403737513
0.0008174312467485236
0.0009073795076042767
0.0006236959945567232
0.000777846017708309
0.00027975527832268263
0.0004950322911729254
0.00018947230216675244
0.0009732292497104722
0.0009067601099118112
0.0007124666907777492
0.0004301761255626824
0.0005038927042637175
0.000905114837495864
0.0004377123297909514
0.0008810853939758029
0.0008097781950779499
0.0007367394457074188
0.0009781695651412342
0.0005300941316866293
0.00038926996519219996
0.0002584793909522206
0.00021036091244835823
0.0008700503378369358
0.000675945334239952
0.0004912994540992962
0.0004738115664817016
0.00027017577094095094
0.00012144099328136352
0.000698244657886549
0.0005895061006224758
0.0004767967174890464
0.00027485924599843497
0.0004672377956656291
0.00023300017947283994
0.0009783413425951395
0.0005936378348329742
0.0002284670707484543
0.0003411912130084541
0.0006689137703596688
0.0005589640600586732
0.00031372084261383393
0.00013986449330148567
0.0007532104780358111
0.00012120261033454825
0.0005183059792925441
0.0008726267776783139
0.0009618744670974037
0.0009730512396902913
0.0009921714895935962
0.0009839328600454592
0.0003330575830409649
0.0009914845178481736
0.0008102171735485752
0.00019531259599934515
0.0008295111214276566
0.00021919013108880427
0.00015747435693624435
0.0009399777776395225
0.0002677417809313642
0.00036163757373805646
0.0007098004006814123
0.00042060792164501923
0.0004962856983340713
0.0008502070440854157
0.00012045108249477202
0.00013216175371934887
0.0008825461082228614
0.0004892029271214747
0.0003510810664902118
0.0006614669963747613
0.0006660204029535883
0.00034685926286369005
0.0002410704136311851
0.0003935919045994381
0.0004596977729456772
0.000738595904257432
0.000841934903797571
0.0009688687443500505
0.0008445097377465044
0.00011090407919194596
0.00015074605068097775
0.0008647823457584459
0.0009053244897959985
0.0009436147110330532
0.00024637523683533765
0.0005176600649159408
0.0004764059499472689
0.0007957792294034504
0.00041111950592570264
0.0008729771755360341
0.0007816731080052068
0.0006563096975748194
0.00017033657768336533
0.0007280842862259841
0.0007680244060900709
0.0006874656865935485
0.00014649303489416192
0.000815603055194451
0.0008994881434972959
0.00013190672245670502
0.0004364798169095935
0.0006206578218842676
0.00045615078000301
0.0005228528211424863
0.00044470992188065683
0.000729901009894452
0.00020576629104842063
0.00039150321549082773
0.00015737260753439337
0.00030452931769893
0.0008380852989951791
0.0005420024334708417
0.00023659836944740656
0.00045272121403550677
0.00011981302537779988
0.00019239960368460773
0.00027107605145066434
0.00035931528387828093
0.0006590623797903726
0.00028676639730165147
0.00025595455766434187
0.0004361820515045285
0.0009675123177076326
0.0007715698403398313
0.00034198032336321877
0.0008550478400042302
0.0008780575786881063
0.0008810952419874014
0.0006135371182247201
0.0006221397364707924
0.0006169263753735975
0.0007763977404168026
0.0008398608847215872
0.0005383514573256043
0.0009155307771615972
0.0008939806883695912
0.0004950254236140148
0.0009280280067519813
0.0003122793324864333
0.0002958458893737552
0.00044480300885817745
0.0009335412863067819
0.000589287234475334
0.00032875185251435984
0.0009540322564714604
0.000784237096965416
0.00034945119529290053
0.0001367623113066478
0.0008230303430425434
0.0009150208650913845
0.000377002809120325
0.0007485398727524774
0.00032670564717294235
0.00040601794088985404
0.0006650537940535732
0.0007032856662689181
0.0003813132985510038
0.0005708844574374656
0.00012229964858451626
0.0005584506480093593
0.0007779930104955415
0.0007044322735244495
0.000616097191196189
0.0009508439523685901
0.000984668090412552
0.0005953523946577359
0.00063614258672285
0.00012167609266092953
0.0009865963445841676
0.00017834931680278882
0.0006430141964429855
0.0006808232783014458
0.0001636369290420902
0.00019621605436169237
0.0001351072937502654
0.0002868395280706353
0.0005959746898964995
0.00011458353675374738
0.00015441025912161328
0.0008202951904702634
0.0001572247295905237
0.00015554567470605154
0.000882954255681039
0.00044011181068649317
0.0007595157513071644
0.0009599193981554491
0.0009312865864596401
0.0007661731976279523
0.0005110491922830868
0.0007027153491974739
0.00029313493205107447
0.0007509098634364841
0.00023373109806582482
0.0006365854360089402
0.0008675708164925879
0.0004878383073458532
0.0007212606836807958
0.0005951171009888933
0.0006296224516250039
0.0007553374724334688
0.000739025885880744
0.0006822351500357688
0.000342985734181436
0.000815294112355338
0.00012686072143111083
0.0008286104281193923
0.00023184890860817296
0.0007148847536309792
0.0007321123244947497
0.0008281239711795758
0.00031180037944485703
0.000591464466058728
0.0001253993779880778
0.00017371107068014067
0.00031131161499174654
0.0009585999195690473
0.0008232934897652316
0.0008695811326928797
0.00018026902197123716
0.0009908960073433354
0.000824581805324265
0.00013267943071578684
0.000525755485141913
0.00029499825889506585
0.0007404507207329979
0.0007326567655015547
0.0001016234255930105
0.0006365908186825356
0.00019157962255793054
0.00035045664289240627
0.00016746312294636302
0.00046520709809836616
0.0002507586717779074
0.00040191326024987064
0.0007647927508693302
0.00025059821892021246
0.00043045379442750503
0.00038700674784093616
0.000810862334851666
0.0004902725976148013
0.0004759242333047393
0.00012486536905700375
0.000976139730844746
0.0001781154662250145
0.0004436049545498025
0.0007113554736790051
0.0009737467373656834
0.00016613867440339904
0.0009851090739116028
0.000799185924797847
0.0007523600890578315
0.000775800705527703
0.0003397788895582763
0.0008502984547225345
0.0009668593202850469
0.000965037885121728
0.00015235754182204946
0.000670165091877472
0.00022245101807578634
0.000151355732283802
0.0006354061802496995
0.0002612200860976472
0.0004785290436717306
0.0006200433986825659
0.00038773891007528455
0.00012767985498592538
0.000406768087345135
0.0006002345354181652
0.0005089980390096957
0.0006914442984228978
0.00016995402715405466
0.0009102435252888727
0.0005729281734509358
0.0006257135182900846
0.000223444403998584
0.0005360514266672383
0.0008688652705860815
0.00043482070035722343
0.00048546504256478603
0.0007611897965853589
0.000640879146712039
0.00017190706538975254
0.0007573023468499004
0.0006421851318768154
0.0005395440503700067
0.000637310199992053
0.0005778369915076121
0.0009331769581518987
0.000554808980235205
0.0005023494020444624
0.0004329685543179205
0.00026030665696843665
0.0007492118216121128
0.0005396734446865095
0.0003441576627251949
0.0005842333348121731
0.00019415060209500908
0.0006336685979481658
0.00020639813779158912
0.0006794627970852949
0.00015096118534916193
0.00013927615771876386
0.0009622518966051052
0.0009820277159667506
0.0009332503795653502
0.0006697336336371464
0.000231218588934471
0.00012697111689680596
0.0009330803645720718
0.0004421472204066406
0.0004566511158678098
0.0008928406893310265
0.00011509597154951907
0.0006700982237446683
0.0006419527240314859
0.00011319006770918656
0.000824680938158033
0.00030910296328154905
0.00022798546417504063
0.0005350988098964827
0.00042409198727343274
0.00026413383917650883
0.0009308625655168072
0.0006054585349825907
0.0008092440365647019
0.000491684637541188
0.00019880381873183428
0.00034056826477565276
